asc_av = -0.8610260519757729
asc_avwl = -0.4151246832696527
b_tc_av = -0.007667678103795603
b_tc_avwl = -0.007739750971158043
b_tc_hv = -0.011960311029199496
b_tt_av = -0.26683589453104384
b_tt_avwl = -0.26946828386683613
b_tt_hv = -0.3017504435445975
b_tu_diff_av = 0.022885507815024495
b_tu_diff_avwl = 0.03899332464620162
b_tu_diff_hv = -0.15552195858305531
sigma_tc_av = 0.002579327669705457
sigma_tc_avwl = -0.002519981581949859
sigma_tc_hv = 0.010494528516626364
sigma_tt_av = -0.08196697880739465
sigma_tt_avwl = -0.13534972859599925
sigma_tt_hv = -0.3404147318234714
